# 	 CPU energy spent 	 GPU energy spent 	 MIC energy spent 	 Energy spent Iter 	 TOTAL energy spent 	 #tasks type 1 	 #tasks type 2 	 #tasks type 3 	 #tasks type 4 	 CPU type 1 cost 	 CPU type 2 cost 	 CPU type 3 cost 	 CPU type 4 cost 	 GPU type 1 cost 	 GPU type 2 cost 	 GPU type 3 cost 	 GPU type 4 cost 	 MIC type 1 cost 	 MIC type 2 cost 	 MIC type 3 cost 	 MIC type 4 cost 	 CPU selected type 	 GPU selected type 	 MIC selected type
1 	 16839.2 	 55275.1 	 113634 	 185748 	 185748 	 2572 	 3000 	 3000 	 3000 	 0.0396293 	 0.0331117 	 0.0494153 	 0.0522681 	 0.137389 	 0.112397 	 0.174952 	 0.183057 	 0.270888 	 0.221559 	 0.353822 	 0.359269 	 1 	 1 	 1 	 
2 	 17366.8 	 57361 	 119295 	 194022 	 379771 	 2572 	 2572 	 3000 	 3000 	 0.0396293 	 0.0331117 	 0.0494153 	 0.0522681 	 0.137389 	 0.112397 	 0.174952 	 0.183057 	 0.270888 	 0.221559 	 0.353822 	 0.359269 	 2 	 2 	 2 	 
3 	 20195.1 	 68903.1 	 137384 	 226482 	 606253 	 2572 	 2572 	 2572 	 3000 	 0.0396293 	 0.0331117 	 0.0494153 	 0.0522681 	 0.137389 	 0.112397 	 0.174952 	 0.183057 	 0.270888 	 0.221559 	 0.353822 	 0.359269 	 3 	 3 	 3 	 
4 	 12537.3 	 42527.9 	 87301 	 142366 	 748619 	 2572 	 2572 	 2572 	 2572 	 0.0396293 	 0.0331117 	 0.0494153 	 0.0522681 	 0.137389 	 0.112397 	 0.174952 	 0.183057 	 0.270888 	 0.221559 	 0.353822 	 0.359269 	 4 	 4 	 4 	 
5 	 17325.8 	 57999.2 	 114692 	 190017 	 938635 	 2572 	 2144 	 2572 	 2572 	 0.0396293 	 0.0331955 	 0.0494153 	 0.0522681 	 0.137389 	 0.112707 	 0.174952 	 0.183057 	 0.270888 	 0.22209 	 0.353822 	 0.359269 	 2 	 2 	 2 	 
6 	 14891.5 	 56849.3 	 123851 	 195592 	 1.13423e+06 	 2144 	 2144 	 2572 	 2572 	 0.0402344 	 0.0331955 	 0.0494153 	 0.0522681 	 0.137408 	 0.112707 	 0.174952 	 0.183057 	 0.268101 	 0.22209 	 0.353822 	 0.359269 	 1 	 1 	 1 	 
7 	 18655.9 	 69333.2 	 143292 	 231281 	 1.36551e+06 	 2144 	 2144 	 2144 	 2572 	 0.0402344 	 0.0331955 	 0.0495411 	 0.0522681 	 0.137408 	 0.112707 	 0.175873 	 0.183057 	 0.268101 	 0.22209 	 0.356291 	 0.359269 	 3 	 3 	 3 	 
8 	 12474.4 	 44871.2 	 86494.2 	 143840 	 1.50935e+06 	 2144 	 2144 	 2144 	 2144 	 0.0402344 	 0.0331955 	 0.0495411 	 0.0506297 	 0.137408 	 0.112707 	 0.175873 	 0.180767 	 0.268101 	 0.22209 	 0.356291 	 0.361566 	 4 	 4 	 4 	 
9 	 16719.4 	 54645.9 	 110109 	 181474 	 1.69082e+06 	 2144 	 1716 	 2144 	 2144 	 0.0402344 	 0.0333152 	 0.0495411 	 0.0506297 	 0.137408 	 0.11294 	 0.175873 	 0.180767 	 0.268101 	 0.22359 	 0.356291 	 0.361566 	 2 	 2 	 2 	 
10 	 16345.7 	 56759.8 	 110710 	 183816 	 1.87464e+06 	 1716 	 1716 	 2144 	 2144 	 0.0403091 	 0.0333152 	 0.0495411 	 0.0506297 	 0.135907 	 0.11294 	 0.175873 	 0.180767 	 0.269615 	 0.22359 	 0.356291 	 0.361566 	 1 	 1 	 1 	 
11 	 19421.5 	 69160.8 	 142695 	 231278 	 2.10592e+06 	 1716 	 1716 	 1716 	 2144 	 0.0403091 	 0.0333152 	 0.0512797 	 0.0506297 	 0.135907 	 0.11294 	 0.17416 	 0.180767 	 0.269615 	 0.22359 	 0.352781 	 0.361566 	 3 	 3 	 3 	 
12 	 12528.9 	 42430.8 	 91466.8 	 146426 	 2.25234e+06 	 1716 	 1716 	 1716 	 1716 	 0.0403091 	 0.0333152 	 0.0512797 	 0.05174 	 0.135907 	 0.11294 	 0.17416 	 0.177878 	 0.269615 	 0.22359 	 0.352781 	 0.352424 	 4 	 4 	 4 	 
13 	 16212.8 	 55577.4 	 109828 	 181618 	 2.43396e+06 	 1716 	 1288 	 1716 	 1716 	 0.0403091 	 0.0334195 	 0.0512797 	 0.05174 	 0.135907 	 0.112209 	 0.17416 	 0.177878 	 0.269615 	 0.223654 	 0.352781 	 0.352424 	 2 	 2 	 2 	 
14 	 16683.3 	 58482.4 	 112765 	 187931 	 2.62189e+06 	 1288 	 1288 	 1716 	 1716 	 0.0395781 	 0.0334195 	 0.0512797 	 0.05174 	 0.134524 	 0.112209 	 0.17416 	 0.177878 	 0.273151 	 0.223654 	 0.352781 	 0.352424 	 1 	 1 	 1 	 
15 	 17831.7 	 53247.5 	 76821.3 	 147901 	 2.76979e+06 	 1288 	 1288 	 1481 	 1594 	 0.0395781 	 0.0334195 	 0.0504902 	 0.05174 	 0.134524 	 0.112209 	 0.180524 	 0.177878 	 0.273151 	 0.223654 	 0.352781 	 0.355184 	 3 	 3 	 4 	 
16 	 11922.4 	 45327.1 	 85574.5 	 142824 	 2.91262e+06 	 1288 	 1288 	 1481 	 1166 	 0.0395781 	 0.0334195 	 0.0504902 	 0.052304 	 0.134524 	 0.112209 	 0.180524 	 0.177297 	 0.273151 	 0.223654 	 0.352781 	 0.359876 	 4 	 4 	 4 	 
17 	 14606.6 	 33609.1 	 65748.1 	 113964 	 3.02658e+06 	 1288 	 1111 	 1376 	 1166 	 0.0395781 	 0.0334195 	 0.0499313 	 0.052304 	 0.134524 	 0.113326 	 0.180524 	 0.177297 	 0.273151 	 0.225029 	 0.352781 	 0.359876 	 3 	 2 	 2 	 
18 	 15987.4 	 57732.9 	 122052 	 195772 	 3.22235e+06 	 860 	 1111 	 1376 	 1166 	 0.0398047 	 0.0334195 	 0.0499313 	 0.052304 	 0.13399 	 0.113326 	 0.180524 	 0.177297 	 0.272682 	 0.225029 	 0.352781 	 0.359876 	 1 	 1 	 1 	 
19 	 20801.7 	 66957.1 	 144254 	 232013 	 3.45436e+06 	 860 	 1111 	 948 	 1166 	 0.0398047 	 0.0334195 	 0.0501977 	 0.052304 	 0.13399 	 0.113326 	 0.179573 	 0.177297 	 0.272682 	 0.225029 	 0.349219 	 0.359876 	 3 	 3 	 3 	 
20 	 17742.4 	 49270.9 	 104164 	 171177 	 3.62554e+06 	 860 	 683 	 948 	 1166 	 0.0398047 	 0.0332638 	 0.0501977 	 0.052304 	 0.13399 	 0.113707 	 0.179573 	 0.177297 	 0.272682 	 0.224445 	 0.349219 	 0.359876 	 2 	 2 	 2 	 
21 	 13259 	 41331.7 	 93464.1 	 148055 	 3.7736e+06 	 860 	 683 	 948 	 738 	 0.0398047 	 0.0332638 	 0.0501977 	 0.0513248 	 0.13399 	 0.113707 	 0.179573 	 0.177379 	 0.272682 	 0.224445 	 0.349219 	 0.355843 	 4 	 4 	 4 	 
22 	 10618.4 	 28166.7 	 69221.2 	 108006 	 3.8816e+06 	 789 	 683 	 797 	 738 	 0.0398047 	 0.0332638 	 0.0505796 	 0.0513248 	 0.135311 	 0.113707 	 0.179573 	 0.177379 	 0.272682 	 0.224445 	 0.345645 	 0.355843 	 3 	 1 	 3 	 
23 	 16422.5 	 52751.9 	 122404 	 191578 	 4.07318e+06 	 361 	 683 	 797 	 738 	 0.0395254 	 0.0332638 	 0.0505796 	 0.0513248 	 0.136628 	 0.113707 	 0.179573 	 0.177379 	 0.269408 	 0.224445 	 0.345645 	 0.355843 	 1 	 1 	 1 	 
24 	 18832.1 	 72299 	 139536 	 230667 	 4.30385e+06 	 361 	 683 	 369 	 738 	 0.0395254 	 0.0332638 	 0.0510639 	 0.0513248 	 0.136628 	 0.113707 	 0.174578 	 0.177379 	 0.269408 	 0.224445 	 0.348908 	 0.355843 	 3 	 3 	 3 	 
25 	 16685.5 	 54888.8 	 108536 	 180110 	 4.48396e+06 	 361 	 255 	 369 	 738 	 0.0395254 	 0.0332069 	 0.0510639 	 0.0513248 	 0.136628 	 0.113273 	 0.174578 	 0.177379 	 0.269408 	 0.225142 	 0.348908 	 0.355843 	 2 	 2 	 2 	 
26 	 12354.1 	 43932.1 	 86649.5 	 142936 	 4.62689e+06 	 361 	 255 	 369 	 310 	 0.0395254 	 0.0332069 	 0.0510639 	 0.0503683 	 0.136628 	 0.113273 	 0.174578 	 0.176644 	 0.269408 	 0.225142 	 0.348908 	 0.359977 	 4 	 4 	 4 	 
27 	 15591.6 	 59932.4 	 59915.8 	 135440 	 4.76233e+06 	 0 	 255 	 369 	 310 	 0.0400992 	 0.0332069 	 0.0510639 	 0.0503683 	 0.13551 	 0.113273 	 0.174578 	 0.176644 	 0.273358 	 0.225142 	 0.348908 	 0.359977 	 1 	 1 	 1 	 
28 	 20126.5 	 67727.7 	 87681 	 175535 	 4.93787e+06 	 0 	 255 	 0 	 310 	 0.0400992 	 0.0332069 	 0.0501616 	 0.0503683 	 0.13551 	 0.113273 	 0.175023 	 0.176644 	 0.273358 	 0.225142 	 0.347698 	 0.359977 	 3 	 3 	 3 	 
29 	 17202.6 	 48583.3 	 88197 	 153983 	 5.09185e+06 	 0 	 0 	 0 	 170 	 0.0400992 	 0.0330701 	 0.0501616 	 0.0503683 	 0.13551 	 0.11149 	 0.175023 	 0.176644 	 0.273358 	 0.225142 	 0.347698 	 0.353963 	 2 	 2 	 4 	 
30 	 14892.5 	 48583.3 	 88197 	 151673 	 5.24352e+06 	 0 	 0 	 0 	 0 	 0.0400992 	 0.0330701 	 0.0501616 	 0.0510102 	 0.13551 	 0.11149 	 0.175023 	 0.176644 	 0.273358 	 0.225142 	 0.347698 	 0.353963 	 4 	 
