# 	 CPU energy spent 	 GPU energy spent 	 MIC energy spent 	 Energy spent Iter 	 TOTAL energy spent 	 #tasks type 1 	 #tasks type 2 	 #tasks type 3 	 #tasks type 4 	 CPU type 1 cost 	 CPU type 2 cost 	 CPU type 3 cost 	 CPU type 4 cost 	 GPU type 1 cost 	 GPU type 2 cost 	 GPU type 3 cost 	 GPU type 4 cost 	 MIC type 1 cost 	 MIC type 2 cost 	 MIC type 3 cost 	 MIC type 4 cost 	 CPU selected type 	 GPU selected type 	 MIC selected type
1 	 16839.2 	 55275.1 	 113634 	 185748 	 185748 	 2572 	 3000 	 3000 	 3000 	 0.0396293 	 0.0331117 	 0.0494153 	 0.0522681 	 0.137389 	 0.112397 	 0.174952 	 0.183057 	 0.270888 	 0.221559 	 0.353822 	 0.359269 	 1 	 1 	 1 	 
2 	 17366.8 	 57361 	 119295 	 194022 	 379771 	 2572 	 2572 	 3000 	 3000 	 0.0396293 	 0.0331117 	 0.0494153 	 0.0522681 	 0.137389 	 0.112397 	 0.174952 	 0.183057 	 0.270888 	 0.221559 	 0.353822 	 0.359269 	 2 	 2 	 2 	 
3 	 20195.1 	 68903.1 	 137384 	 226482 	 606253 	 2572 	 2572 	 2572 	 3000 	 0.0396293 	 0.0331117 	 0.0494153 	 0.0522681 	 0.137389 	 0.112397 	 0.174952 	 0.183057 	 0.270888 	 0.221559 	 0.353822 	 0.359269 	 3 	 3 	 3 	 
4 	 12537.3 	 42527.9 	 87301 	 142366 	 748619 	 2572 	 2572 	 2572 	 2572 	 0.0396293 	 0.0331117 	 0.0494153 	 0.0522681 	 0.137389 	 0.112397 	 0.174952 	 0.183057 	 0.270888 	 0.221559 	 0.353822 	 0.359269 	 4 	 4 	 4 	 
5 	 17325.8 	 57999.2 	 114692 	 190017 	 938635 	 2572 	 2144 	 2572 	 2572 	 0.0396293 	 0.0331955 	 0.0494153 	 0.0522681 	 0.137389 	 0.112707 	 0.174952 	 0.183057 	 0.270888 	 0.22209 	 0.353822 	 0.359269 	 2 	 2 	 2 	 
6 	 14891.5 	 56849.3 	 123851 	 195592 	 1.13423e+06 	 2144 	 2144 	 2572 	 2572 	 0.0402344 	 0.0331955 	 0.0494153 	 0.0522681 	 0.137408 	 0.112707 	 0.174952 	 0.183057 	 0.268101 	 0.22209 	 0.353822 	 0.359269 	 1 	 1 	 1 	 
7 	 24981.4 	 59167.3 	 105947 	 190095 	 1.32432e+06 	 2144 	 1849 	 2389 	 2572 	 0.0402344 	 0.0331955 	 0.0498872 	 0.0522681 	 0.137408 	 0.112629 	 0.174952 	 0.183057 	 0.268101 	 0.225101 	 0.353822 	 0.359269 	 3 	 2 	 2 	 
8 	 12474.4 	 44871.2 	 86494.2 	 143840 	 1.46816e+06 	 2144 	 1849 	 2389 	 2144 	 0.0402344 	 0.0331955 	 0.0498872 	 0.0506297 	 0.137408 	 0.112629 	 0.174952 	 0.180767 	 0.268101 	 0.225101 	 0.353822 	 0.361566 	 4 	 4 	 4 	 
9 	 23294.4 	 76493.1 	 118232 	 218020 	 1.68618e+06 	 1991 	 1849 	 2061 	 2144 	 0.0402344 	 0.0331955 	 0.0505676 	 0.0506297 	 0.137408 	 0.112629 	 0.178693 	 0.180767 	 0.274192 	 0.225101 	 0.353822 	 0.361566 	 3 	 3 	 1 	 
10 	 17854 	 52753.2 	 105717 	 176324 	 1.86251e+06 	 1991 	 1421 	 2061 	 2144 	 0.0402344 	 0.0331834 	 0.0505676 	 0.0506297 	 0.137408 	 0.112817 	 0.178693 	 0.180767 	 0.274192 	 0.224447 	 0.353822 	 0.361566 	 2 	 2 	 2 	 
11 	 16829.7 	 57899.8 	 109566 	 184296 	 2.0468e+06 	 1563 	 1421 	 2061 	 2144 	 0.0396393 	 0.0331834 	 0.0505676 	 0.0506297 	 0.135911 	 0.112817 	 0.178693 	 0.180767 	 0.27129 	 0.224447 	 0.353822 	 0.361566 	 1 	 1 	 1 	 
12 	 12456.7 	 42687.1 	 91466.8 	 146611 	 2.19341e+06 	 1563 	 1421 	 2061 	 1716 	 0.0396393 	 0.0331834 	 0.0505676 	 0.0517038 	 0.135911 	 0.112817 	 0.178693 	 0.178034 	 0.27129 	 0.224447 	 0.353822 	 0.352424 	 4 	 4 	 4 	 
13 	 19465 	 69559.3 	 149710 	 238735 	 2.43215e+06 	 1563 	 1421 	 1633 	 1716 	 0.0396393 	 0.0331834 	 0.0492976 	 0.0517038 	 0.135911 	 0.112817 	 0.180137 	 0.178034 	 0.27129 	 0.224447 	 0.348434 	 0.352424 	 3 	 3 	 3 	 
14 	 16960.8 	 55301.7 	 115310 	 187572 	 2.61972e+06 	 1135 	 1421 	 1633 	 1716 	 0.0391857 	 0.0331834 	 0.0492976 	 0.0517038 	 0.137007 	 0.112817 	 0.180137 	 0.178034 	 0.273807 	 0.224447 	 0.348434 	 0.352424 	 1 	 1 	 1 	 
15 	 12672.1 	 41849.7 	 90768 	 145290 	 2.76501e+06 	 1135 	 1421 	 1633 	 1288 	 0.0391857 	 0.0331834 	 0.0492976 	 0.0512788 	 0.137007 	 0.112817 	 0.180137 	 0.181193 	 0.273807 	 0.224447 	 0.348434 	 0.359203 	 4 	 4 	 4 	 
16 	 16057.7 	 55890.6 	 115220 	 187168 	 2.95218e+06 	 1135 	 993 	 1633 	 1288 	 0.0391857 	 0.0332459 	 0.0492976 	 0.0512788 	 0.137007 	 0.113065 	 0.180137 	 0.181193 	 0.273807 	 0.224008 	 0.348434 	 0.359203 	 2 	 2 	 2 	 
17 	 18860.6 	 71547.4 	 142555 	 232963 	 3.18514e+06 	 1135 	 993 	 1205 	 1288 	 0.0391857 	 0.0332459 	 0.051129 	 0.0512788 	 0.137007 	 0.113065 	 0.175907 	 0.181193 	 0.273807 	 0.224008 	 0.355923 	 0.359203 	 3 	 3 	 3 	 
18 	 12201 	 46510.4 	 85167.1 	 143878 	 3.32902e+06 	 1135 	 993 	 1205 	 860 	 0.0391857 	 0.0332459 	 0.051129 	 0.050704 	 0.137007 	 0.113065 	 0.175907 	 0.179197 	 0.273807 	 0.224008 	 0.355923 	 0.356764 	 4 	 4 	 4 	 
19 	 16244.4 	 59215.8 	 118646 	 194106 	 3.52313e+06 	 707 	 993 	 1205 	 860 	 0.0390115 	 0.0332459 	 0.051129 	 0.050704 	 0.136434 	 0.113065 	 0.175907 	 0.179197 	 0.271673 	 0.224008 	 0.355923 	 0.356764 	 1 	 1 	 1 	 
20 	 19844.8 	 70141.6 	 136081 	 226067 	 3.74919e+06 	 707 	 993 	 777 	 860 	 0.0390115 	 0.0332459 	 0.050595 	 0.050704 	 0.136434 	 0.113065 	 0.174841 	 0.179197 	 0.271673 	 0.224008 	 0.355763 	 0.356764 	 3 	 3 	 3 	 
21 	 15470.8 	 53780.2 	 106473 	 175724 	 3.92492e+06 	 707 	 565 	 777 	 860 	 0.0390115 	 0.0333914 	 0.050595 	 0.050704 	 0.136434 	 0.113053 	 0.174841 	 0.179197 	 0.271673 	 0.224216 	 0.355763 	 0.356764 	 2 	 2 	 2 	 
22 	 13150.1 	 41822.3 	 89871.8 	 144844 	 4.06976e+06 	 707 	 565 	 777 	 432 	 0.0390115 	 0.0333914 	 0.050595 	 0.0505508 	 0.136434 	 0.113053 	 0.174841 	 0.176729 	 0.271673 	 0.224216 	 0.355763 	 0.355348 	 4 	 4 	 4 	 
23 	 15370.7 	 57232.4 	 118374 	 190977 	 4.26074e+06 	 279 	 565 	 777 	 432 	 0.0394691 	 0.0333914 	 0.050595 	 0.0505508 	 0.135737 	 0.113053 	 0.174841 	 0.176729 	 0.273396 	 0.224216 	 0.355763 	 0.355348 	 1 	 1 	 1 	 
24 	 19155.2 	 70048 	 142705 	 231908 	 4.49265e+06 	 279 	 565 	 349 	 432 	 0.0394691 	 0.0333914 	 0.0509237 	 0.0505508 	 0.135737 	 0.113053 	 0.169545 	 0.176729 	 0.273396 	 0.224216 	 0.355574 	 0.355348 	 3 	 3 	 3 	 
25 	 16603.1 	 55208.3 	 116003 	 187815 	 4.68046e+06 	 279 	 137 	 349 	 432 	 0.0394691 	 0.0334006 	 0.0509237 	 0.0505508 	 0.135737 	 0.113087 	 0.169545 	 0.176729 	 0.273396 	 0.222095 	 0.355574 	 0.355348 	 2 	 2 	 2 	 
26 	 12067.8 	 45609.6 	 91022 	 148699 	 4.82916e+06 	 279 	 137 	 349 	 0 	 0.0394691 	 0.0334006 	 0.0509237 	 0.051161 	 0.135737 	 0.113087 	 0.169545 	 0.174639 	 0.273396 	 0.222095 	 0.355574 	 0.360819 	 4 	 4 	 4 	 
27 	 20371.8 	 65407.2 	 71281.2 	 157060 	 4.98622e+06 	 279 	 137 	 0 	 0 	 0.0394691 	 0.0334006 	 0.0498605 	 0.051161 	 0.135737 	 0.113087 	 0.174539 	 0.174639 	 0.273396 	 0.222095 	 0.351024 	 0.360819 	 3 	 3 	 3 	 
28 	 15985.8 	 57127.2 	 113810 	 186923 	 5.17314e+06 	 0 	 0 	 0 	 0 	 0.0396372 	 0.0334006 	 0.0498605 	 0.051161 	 0.135807 	 0.113087 	 0.174539 	 0.174639 	 0.273396 	 0.222365 	 0.351024 	 0.360819 	 1 	 1 	 2 	 
